Country,Unit,1960,1961,1962,1963,1964,1965,1966,1967,1968,1969,1970,1971,1972,1973,1974,1975,1976,1977,1978,1979,1980,1981,1982,1983,1984,1985,1986,1987,1988,1989,1990,1991,1992,1993,1994,1995,1996,1997,1998,1999,2000,2001,2002,2003,2004,2005,2006,2007,2008,2009,2010,2011,2012,2013,2014,2015,2016,2017,2018,2019,2020,2021 
European Union,(2015 = 100) ,NA, NA, NA, NA, NA, NA, NA, NA, NA, NA, NA, NA, NA, NA, NA, NA, NA, NA, NA, NA, NA, NA, NA, NA, NA, NA, NA, NA, NA, NA, NA, NA, NA, NA, NA, NA, 61.1650000, 65.6458333, 68.7000000, 70.7316667, 73.0733333, 75.4150000, 77.3200000, 78.9758333, 80.7841667, 82.6275000, 84.5383333, 86.5400000, 89.7191667, 90.6091667, 92.4875000, 95.3516667, 97.8733333, 99.3508333, 99.8983333, 100.0008333, 100.2450000, 101.9633333, 103.8916667, 105.4433185, 107.0407321, 108.8119890 
European Union excluding UK,(2015 = 100) ,NA, NA, NA, NA, NA, NA, NA, NA, NA, NA, NA, NA, NA, NA, NA, NA, NA, NA, NA, NA, NA, NA, NA, NA, NA, NA, NA, NA, NA, NA, NA, NA, NA, NA, NA, NA, NA, NA, NA, 71.6000000, 73.1291667, 75.7300000, 77.8125000, 79.5866667, 81.5508333, 83.4500000, 85.3766667, 87.4091667, 90.6416667, 91.3483333, 93.0341667, 95.6883333, 98.1925000, 99.4933333, 99.8883333, 100.0000000, 100.1800000, 101.7425000, 103.5675000, 105.0449125, 106.5298007, 108.1849921 
European Union (15 countries),(2015 = 100) ,NA, NA, NA, NA, NA, NA, NA, NA, NA, NA, NA, NA, NA, NA, NA, NA, NA, NA, NA, NA, NA, NA, NA, NA, NA, NA, NA, NA, NA, NA, NA, NA, NA, NA, NA, NA, 70.7691355, 72.0041667, 72.9724469, 73.8822650, 75.3390387, 77.0169085, 78.6633196, 80.2387073, 81.8249951, 83.5845892, 85.4468524, 87.2934285, 90.2124466, 90.8147167, 92.5595646, 95.3261952, 97.7192307, 99.2266706, 99.8293866, 100.0000000, 100.3275503, 102.0812467, 103.9851762, 105.3278181, 106.7177613, 108.3072757 
Euro area,(2015 = 100) ,NA, NA, NA, NA, NA, NA, NA, NA, NA, NA, NA, NA, NA, NA, NA, NA, NA, NA, NA, NA, NA, NA, NA, NA, NA, NA, NA, NA, NA, NA, NA, NA, NA, NA, NA, NA, 71.2300000, 72.4400000, 73.3300000, 74.1900000, 75.8100000, 77.6400000, 79.4000000, 81.0825000, 82.8475000, 84.6658333, 86.5341667, 88.4075000, 91.3650000, 91.6541667, 93.1308333, 95.6691667, 98.0591667, 99.3816667, 99.8075000, 99.9991667, 100.2341667, 101.7758333, 103.5616667, 104.8180551, 106.0523167, 107.4768034 
Euro area (12 countries),(2015 = 100) ,NA, NA, NA, NA, NA, NA, NA, NA, NA, NA, NA, NA, NA, NA, NA, NA, NA, NA, NA, NA, NA, NA, NA, NA, NA, NA, NA, NA, NA, NA, NA, NA, NA, NA, NA, NA, 71.3885549, 72.5842931, 73.4713794, 74.3299845, 75.9594354, 77.7896064, 79.5687379, 81.2430287, 82.9872612, 84.7959584, 86.6533525, 88.4929772, 91.3819848, 91.6518676, 93.1105399, 95.6237744, 98.0028914, 99.3457756, 99.7939878, 100.0000000, 100.2477021, 101.7718704, 103.5529668, 104.7806996, 105.9880174, 107.3909169 
Belgium,(2015 = 100) ,NA, NA, NA, NA, NA, NA, NA, NA, NA, NA, NA, NA, NA, NA, NA, NA, NA, NA, NA, NA, NA, NA, NA, NA, NA, NA, NA, NA, NA, NA, NA, 63.7212460, 65.1552823, 66.7748860, 68.3721746, 69.2412876, 70.4758333, 71.5350000, 72.1841667, 73.0033333, 74.9591667, 76.7841667, 77.9725000, 79.1550000, 80.6250000, 82.6708333, 84.5950000, 86.1316667, 89.9983333, 89.9925000, 92.0925000, 95.1800000, 97.6791667, 98.8983333, 99.3833333, 99.9991667, 101.7691667, 104.0325000, 106.4366667, 107.8179834, 109.3665517, 110.8899232 
Bulgaria,(2015 = 100) ,NA, NA, NA, NA, NA, NA, NA, NA, NA, NA, NA, NA, NA, NA, NA, NA, NA, NA, NA, NA, NA, NA, NA, NA, NA, NA, NA, NA, NA, NA, NA, NA, NA, NA, NA, NA, NA, 40.2716667, 47.7941667, 49.0233333, 54.0816667, 58.0608333, 61.4358333, 62.8783333, 66.7450000, 70.7750000, 76.0233333, 81.7800000, 91.5533333, 93.8133333, 96.6641667, 99.9375000, 102.3266667, 102.7208333, 101.0766667, 99.9983333, 98.6758333, 99.8483333, 102.4758333, 104.9021605, 106.6153526, 108.8568560 
Czechia,(2015 = 100) ,NA, NA, NA, NA, NA, NA, NA, NA, NA, NA, NA, NA, NA, NA, NA, NA, NA, NA, NA, NA, NA, NA, NA, NA, NA, NA, NA, NA, NA, NA, NA, NA, NA, NA, NA, 53.9428136, 58.8416667, 63.5666667, 69.7333333, 70.9916667, 73.7916667, 77.1333333, 78.2416667, 78.1833333, 80.2083333, 81.4666667, 83.1750000, 85.6166667, 90.9916667, 91.5333333, 92.6333333, 94.6333333, 97.9750000, 99.3416667, 99.7500000, 100.0083333, 100.6583333, 103.1000000, 105.1166667, 107.7983622, 110.2870998, 112.5355869 
Denmark,(2015 = 100) ,NA, NA, NA, NA, NA, NA, NA, NA, NA, NA, NA, NA, NA, NA, NA, NA, NA, NA, NA, NA, NA, NA, NA, NA, NA, NA, NA, NA, NA, 62.6452215, 64.2113520, 65.6010274, 66.8797673, 67.4857373, 68.7084131, 70.1159813, 71.5666667, 72.9500000, 73.9083333, 75.4166667, 77.4916667, 79.2500000, 81.1500000, 82.7416667, 83.5166667, 84.9583333, 86.5250000, 87.9583333, 91.1583333, 92.1083333, 94.1333333, 96.6333333, 98.9083333, 99.4250000, 99.7750000, 100.0000000, 100.0166667, 101.0750000, 101.7916667, 102.5655144, 103.9373628, 105.4049695 
Germany,(2015 = 100) ,NA, NA, NA, NA, NA, NA, NA, NA, NA, NA, NA, NA, NA, NA, NA, NA, NA, NA, NA, NA, NA, NA, NA, NA, NA, NA, NA, NA, NA, NA, NA, NA, NA, NA, NA, 75.2816435, 75.7333333, 76.8750000, 77.3333333, 77.8333333, 78.9333333, 80.4333333, 81.5000000, 82.3750000, 83.8416667, 85.4583333, 86.9750000, 88.9500000, 91.4000000, 91.6250000, 92.6500000, 94.9500000, 97.0000000, 98.5583333, 99.3166667, 99.9916667, 100.3583333, 102.0666667, 104.0416667, 105.4154094, 106.6904516, 108.1759557 
Estonia,(2015 = 100) ,NA, NA, NA, NA, NA, NA, NA, NA, NA, NA, NA, NA, NA, NA, NA, NA, NA, NA, NA, NA, NA, NA, NA, NA, NA, NA, NA, NA, NA, NA, NA, NA, NA, NA, NA, 38.1435690, 45.6966667, 49.9516667, 54.3383333, 56.0216667, 58.2241667, 61.5000000, 63.7066667, 64.5900000, 66.5525000, 69.2925000, 72.3716667, 77.2533333, 85.4466667, 85.6166667, 87.9633333, 92.4316667, 96.3316667, 99.4591667, 99.9325000, 100.0000000, 100.8000000, 104.4800000, 108.0450000, 110.6391289, 112.9432634, 115.4565040 
Ireland,(2015 = 100) ,NA, NA, NA, NA, NA, NA, NA, NA, NA, NA, NA, NA, NA, NA, NA, NA, NA, NA, NA, NA, NA, NA, NA, NA, NA, NA, NA, NA, NA, NA, NA, NA, NA, NA, 65.8286013, 67.6718021, 69.1333333, 70.0000000, 71.5000000, 73.2500000, 77.1166667, 80.1916667, 83.9583333, 87.3333333, 89.3416667, 91.2916667, 93.7416667, 96.4416667, 99.4500000, 97.7666667, 96.1916667, 97.3583333, 99.2083333, 99.7333333, 100.0333333, 100.0000000, 99.7916667, 100.0500000, 100.7666667, 101.6130911, 102.6900660, 104.1788778 
Greece,(2015 = 100) ,NA, NA, NA, NA, NA, NA, NA, NA, NA, NA, NA, NA, NA, NA, NA, NA, NA, NA, NA, NA, NA, NA, NA, NA, NA, NA, NA, NA, NA, NA, NA, NA, NA, NA, 52.1913740, 56.8364063, 61.3066667, 64.6425000, 67.5625000, 69.0091667, 71.0083333, 73.5941667, 76.4800000, 79.1183333, 81.5075000, 84.3491667, 87.1441667, 89.7491667, 93.5458333, 94.8058333, 99.2658333, 102.3608333, 103.4200000, 102.5366667, 101.1075000, 100.0016667, 100.0150000, 101.1533333, 101.9366667, 102.4539646, 103.0677750, 103.9673518 
Spain,(2015 = 100) ,NA, NA, NA, NA, NA, NA, NA, NA, NA, NA, NA, NA, NA, NA, NA, NA, NA, NA, NA, NA, NA, NA, NA, NA, NA, NA, NA, NA, NA, NA, NA, NA, 54.6354941, 57.2974730, 59.9486308, 62.6917677, 64.9266667, 66.1466667, 67.3141667, 68.8166667, 71.2150000, 73.2266667, 75.8558333, 78.2100000, 80.5983333, 83.3258333, 86.2933333, 88.7466667, 92.4125000, 92.1916667, 94.0750000, 96.9441667, 99.3058333, 100.8250000, 100.6333333, 100.0000000, 99.6633333, 101.6925000, 103.4575000, 104.3940212, 105.5224948, 106.9511453 
France,(2015 = 100) ,NA, NA, NA, NA, NA, NA, NA, NA, NA, NA, NA, NA, NA, NA, NA, NA, NA, NA, NA, NA, NA, NA, NA, NA, NA, NA, NA, NA, NA, NA, 65.4826895, 67.7120735, 69.3482040, 70.8781734, 72.1083937, 73.4010617, 74.9325000, 75.8833333, 76.3958333, 76.8341667, 78.2266667, 79.6208333, 81.1641667, 82.9266667, 84.8641667, 86.4675000, 88.1033333, 89.5150000, 92.3433333, 92.4375000, 94.0450000, 96.2000000, 98.3341667, 99.3075000, 99.9141667, 100.0008333, 100.3058333, 101.4716667, 103.6016667, 104.9753851, 106.3148379, 107.6467351 
Croatia,(2015 = 100) ,NA, NA, NA, NA, NA, NA, NA, NA, NA, NA, NA, NA, NA, NA, NA, NA, NA, NA, NA, NA, NA, NA, NA, NA, NA, NA, NA, NA, NA, NA, NA, NA, NA, NA, NA, NA, NA, NA, 63.9700000, 66.3666667, 69.3216667, 72.2750000, 74.1066667, 75.8841667, 77.5108333, 79.8325000, 82.4575000, 84.6500000, 89.5625000, 91.5550000, 92.5466667, 94.5916667, 97.7633333, 100.0375000, 100.2575000, 100.0008333, 99.3708333, 100.6650000, 102.2325000, 103.3410024, 104.7945714, 106.3280251 
Italy,(2015 = 100) ,NA, NA, NA, NA, NA, NA, NA, NA, NA, NA, NA, NA, NA, NA, NA, NA, NA, NA, NA, NA, NA, NA, NA, NA, NA, NA, NA, NA, NA, 48.4816070, 51.4874667, 54.6886712, 57.4105511, 60.0011872, 62.5062296, 65.8729154, 68.4916667, 69.8000000, 71.1583333, 72.3250000, 74.2166667, 75.9416667, 77.9250000, 80.1166667, 81.9250000, 83.7333333, 85.6000000, 87.3333333, 90.3833333, 91.0750000, 92.5500000, 95.2666667, 98.4250000, 99.6500000, 99.8833333, 99.9916667, 99.9416667, 101.2666667, 102.5250000, 103.1611454, 103.9628647, 105.1221328 
Cyprus,(2015 = 100) ,NA, NA, NA, NA, NA, NA, NA, NA, NA, NA, NA, NA, NA, NA, NA, NA, NA, NA, NA, NA, NA, NA, NA, NA, NA, NA, NA, NA, NA, NA, NA, NA, NA, NA, NA, NA, 66.8108333, 69.0233333, 70.6341667, 71.4391667, 74.9083333, 76.3983333, 78.5258333, 81.6483333, 83.1975000, 84.8833333, 86.7900000, 88.6683333, 92.5516667, 92.7125000, 95.0866667, 98.4016667, 101.4508333, 101.8383333, 101.5733333, 99.9991667, 98.7816667, 99.4466667, 100.2341667, 100.8141145, 101.5652242, 102.8454717 
Latvia,(2015 = 100) ,NA, NA, NA, NA, NA, NA, NA, NA, NA, NA, NA, NA, NA, NA, NA, NA, NA, NA, NA, NA, NA, NA, NA, NA, NA, NA, NA, NA, NA, NA, NA, NA, NA, NA, NA, NA, 46.7150000, 50.4866667, 52.6550000, 53.7683333, 55.1841667, 56.5783333, 57.6891667, 59.3850000, 63.0591667, 67.4041667, 71.8333333, 79.0750000, 91.1366667, 94.1066667, 92.9550000, 96.8800000, 99.0941667, 99.1050000, 99.7891667, 100.0016667, 100.1008333, 102.9975000, 105.6283333, 108.8710443, 111.5386592, 114.1406667 
Lithuania,(2015 = 100) ,NA, NA, NA, NA, NA, NA, NA, NA, NA, NA, NA, NA, NA, NA, NA, NA, NA, NA, NA, NA, NA, NA, NA, NA, NA, NA, NA, NA, NA, NA, NA, NA, NA, NA, NA, 46.2021896, 57.6125000, 63.5558333, 66.9683333, 67.9350000, 68.6783333, 69.7425000, 69.9766667, 69.2233333, 70.0225000, 71.8933333, 74.5941667, 78.9341667, 87.6891667, 91.3383333, 92.4258333, 96.2375000, 99.2825000, 100.4383333, 100.6816667, 100.0000000, 100.6783333, 104.4216667, 107.0650000, 109.5932860, 111.9664448, 114.3491173 
Luxembourg,(2015 = 100) ,NA, NA, NA, NA, NA, NA, NA, NA, NA, NA, NA, NA, NA, NA, NA, NA, NA, NA, NA, NA, NA, NA, NA, NA, NA, NA, NA, NA, NA, NA, NA, NA, NA, NA, NA, 64.8747848, 65.6291667, 66.5366667, 67.1816667, 67.8658333, 70.4300000, 72.1225000, 73.6041667, 75.4650000, 77.9125000, 80.8458333, 83.2383333, 85.4450000, 88.9416667, 88.9491667, 91.4383333, 94.8508333, 97.5941667, 99.2525000, 99.9425000, 100.0008333, 100.0391667, 102.1491667, 104.2083333, 105.9613470, 107.6254876, 109.6538511 
Hungary,(2015 = 100) ,NA, NA, NA, NA, NA, NA, NA, NA, NA, NA, NA, NA, NA, NA, NA, NA, NA, NA, NA, NA, NA, NA, NA, NA, NA, NA, NA, NA, NA, NA, NA, NA, NA, NA, NA, 25.7140942, 31.7558333, 37.6183333, 42.9666667, 47.2500000, 51.9516667, 56.6708333, 59.6416667, 62.4300000, 66.6566667, 68.9808333, 71.7633333, 77.4508333, 82.1241667, 85.4275000, 89.4675000, 92.9758333, 98.2416667, 99.9183333, 99.9350000, 99.9983333, 100.4475000, 102.8441667, 105.8383333, 109.3856051, 112.7248583, 116.0927357 
Malta,(2015 = 100) ,NA, NA, NA, NA, NA, NA, NA, NA, NA, NA, NA, NA, NA, NA, NA, NA, NA, NA, NA, NA, NA, NA, NA, NA, NA, NA, NA, NA, NA, NA, NA, NA, NA, NA, NA, NA, 63.6925000, 66.1916667, 68.6316667, 70.2058333, 72.3383333, 74.1566667, 76.0950000, 77.5641667, 79.6783333, 81.6875000, 83.7916667, 84.3758333, 88.3283333, 89.9533333, 91.7891667, 94.0958333, 97.1325000, 98.0833333, 98.8400000, 100.0025000, 100.9025000, 102.1750000, 103.9541667, 105.6253806, 107.3971691, 109.2585441 
Netherlands,(2015 = 100) ,NA, NA, NA, NA, NA, NA, NA, NA, NA, NA, NA, NA, NA, NA, NA, NA, NA, NA, NA, NA, NA, NA, NA, NA, NA, NA, NA, NA, NA, 59.3737774, 60.7987481, 62.7203993, 64.4929073, 65.5369089, 66.9365593, 67.8600991, 68.8308333, 70.1108333, 71.3566667, 72.8075000, 74.5091667, 78.3233333, 81.3458333, 83.1633333, 84.3158333, 85.5741667, 86.9858333, 88.3641667, 90.3166667, 91.1966667, 92.0458333, 94.3241667, 96.9883333, 99.4733333, 99.7900000, 100.0016667, 100.1058333, 101.4008333, 103.0241667, 105.7333758, 107.1966444, 108.8456580 
Austria,(2015 = 100) ,NA, NA, NA, NA, NA, NA, NA, NA, NA, NA, NA, NA, NA, NA, NA, NA, NA, NA, NA, NA, NA, NA, NA, NA, NA, NA, NA, NA, NA, 59.7345155, 61.4070819, 63.2968986, 65.4976978, 67.5669275, 69.3909595, 70.5152808, 71.7716667, 72.6066667, 73.2025000, 73.5791667, 75.0191667, 76.7441667, 78.0350000, 79.0508333, 80.6041667, 82.2991667, 83.6875000, 85.5291667, 88.2875000, 88.6425000, 90.1441667, 93.3450000, 95.7458333, 97.7733333, 99.2016667, 100.0000000, 100.9708333, 103.2233333, 105.4116667, 107.0074890, 108.6670837, 110.4430993 
Poland,(2015 = 100) ,NA, NA, NA, NA, NA, NA, NA, NA, NA, NA, NA, NA, NA, NA, NA, NA, NA, NA, NA, NA, NA, NA, NA, NA, NA, NA, NA, NA, NA, NA, NA, NA, NA, NA, NA, NA, 46.1916667, 53.1083333, 59.3833333, 63.6333333, 70.0416667, 73.7666667, 75.2000000, 75.7333333, 78.4833333, 80.1833333, 81.1916667, 83.3083333, 86.7833333, 90.2666667, 92.6500000, 96.2583333, 99.8000000, 100.6166667, 100.7000000, 100.0000000, 99.8083333, 101.4250000, 102.6166667, 104.8343159, 107.5089833, 110.2265546 
Portugal,(2015 = 100) ,NA, NA, NA, NA, NA, NA, NA, NA, NA, NA, NA, NA, NA, NA, NA, NA, NA, NA, NA, NA, NA, NA, NA, NA, NA, NA, NA, NA, NA, 40.9031554, 46.3432751, 51.6393308, 56.2162379, 59.5499657, 62.5101821, 64.9909661, 66.8983333, 68.1625000, 69.6725000, 71.1841667, 73.1808333, 76.4083333, 79.2358333, 81.8008333, 83.8541667, 85.6400000, 88.2483333, 90.3858333, 92.7825000, 91.9450000, 93.2241667, 96.5375000, 99.2175000, 99.6541667, 99.4950000, 100.0000000, 100.6358333, 102.2016667, 103.3950000, 103.7364280, 104.8627234, 106.3546732 
Romania,(2015 = 100) ,NA, NA, NA, NA, NA, NA, NA, NA, NA, NA, NA, NA, NA, NA, NA, NA, NA, NA, NA, NA, NA, NA, NA, NA, NA, NA, NA, NA, NA, NA, NA, NA, NA, NA, NA, 2.3413133, 3.2508333, 8.2875000, 13.1850000, 19.2250000, 28.0050000, 37.6575000, 46.1366667, 53.1808333, 59.5058333, 64.9041667, 69.1908333, 72.5841667, 78.3308333, 82.7033333, 87.7258333, 92.8383333, 95.9791667, 99.0441667, 100.4141667, 99.9991667, 98.9250000, 100.0033333, 104.0800000, 108.1855767, 111.9286035, 115.7137104 
Slovenia,(2015 = 100) ,NA, NA, NA, NA, NA, NA, NA, NA, NA, NA, NA, NA, NA, NA, NA, NA, NA, NA, NA, NA, NA, NA, NA, NA, NA, NA, NA, NA, NA, NA, NA, NA, NA, NA, NA, 41.7214340, 45.8558333, 49.6791667, 53.6116667, 56.8900000, 61.9833333, 67.3291667, 72.3733333, 76.4608333, 79.2583333, 81.1850000, 83.2541667, 86.4208333, 91.1933333, 91.9683333, 93.8591667, 95.8083333, 98.5000000, 100.4008333, 100.7683333, 99.9991667, 99.8458333, 101.4000000, 103.3608333, 105.1994349, 107.2400650, 109.4375307 
Slovakia,(2015 = 100) ,NA, NA, NA, NA, NA, NA, NA, NA, NA, NA, NA, NA, NA, NA, NA, NA, NA, NA, NA, NA, NA, NA, NA, NA, NA, NA, NA, NA, NA, NA, NA, NA, NA, NA, NA, 41.4858403, 43.8858333, 46.5250000, 49.6358333, 54.8208333, 61.5033333, 65.9025000, 68.2108333, 73.9633333, 79.4908333, 81.7075000, 85.1916667, 86.8016667, 90.2183333, 91.0533333, 91.6858333, 95.4275000, 98.9983333, 100.4475000, 100.3450000, 100.0000000, 99.5183333, 100.9025000, 103.4583333, 106.2822472, 108.9915518, 111.3503640 
Finland,(2015 = 100) ,NA, NA, NA, NA, NA, NA, NA, NA, NA, NA, NA, NA, NA, NA, NA, NA, NA, NA, NA, NA, NA, NA, NA, NA, NA, NA, NA, NA, NA, 58.9880634, 62.4093711, 65.2445295, 67.3679075, 69.6109125, 70.7294243, 71.0105476, 71.7700000, 72.6433333, 73.6233333, 74.5875000, 76.7891667, 78.8358333, 80.4183333, 81.4558333, 81.5758333, 82.2075000, 83.2558333, 84.5741667, 87.8858333, 89.3216667, 90.8275000, 93.8466667, 96.8141667, 98.9591667, 100.1558333, 100.0000000, 100.3891667, 101.2316667, 102.4150000, 103.6761898, 105.1330702, 106.7556069 
Sweden,(2015 = 100) ,NA, NA, NA, NA, NA, NA, NA, NA, NA, NA, NA, NA, NA, NA, NA, NA, NA, NA, NA, NA, NA, NA, NA, NA, NA, NA, NA, NA, NA, 56.1286086, 61.8404752, 67.2477089, 68.1235284, 71.3983319, 73.4546039, 75.4347176, 76.1583333, 77.5391667, 78.3175000, 78.7591667, 79.7783333, 81.9166667, 83.5050000, 85.4416667, 86.3150000, 87.0341667, 88.3366667, 89.8175000, 92.8250000, 94.6266667, 96.4308333, 97.7466667, 98.6633333, 99.0983333, 99.3025000, 100.0000000, 101.1358333, 103.0233333, 105.1208333, 106.8586686, 108.4257466, 110.1995184 
United Kingdom,(2015 = 100) ,NA, NA, NA, NA, NA, NA, NA, NA, NA, NA, NA, NA, NA, NA, NA, NA, NA, NA, NA, NA, NA, NA, NA, NA, NA, NA, NA, NA, NA, 52.1053263, 55.7575157, 59.9605452, 62.5007117, 64.0832985, 65.3505148, 67.1337920, 68.8166667, 70.0666667, 71.1583333, 72.1166667, 72.6916667, 73.5916667, 74.5150000, 75.5250000, 76.5416667, 78.1230000, 79.9333333, 81.7833333, 84.7250000, 86.5750000, 89.4333333, 93.4250000, 96.0416667, 98.5083333, 99.9583333, 100.0000000, 100.6500000, 103.3583333, 105.9166667, 107.8717166, 110.0813170, 112.4860593 
North Macedonia,(2015 = 100) ,NA, NA, NA, NA, NA, NA, NA, NA, NA, NA, NA, NA, NA, NA, NA, NA, NA, NA, NA, NA, NA, NA, NA, NA, NA, NA, NA, NA, NA, NA, NA, NA, NA, NA, NA, NA, NA, NA, NA, NA, NA, NA, NA, NA, NA, 80.4425000, 83.3908333, 85.1958333, 91.6700000, 91.6058333, 92.5700000, 95.5150000, 97.2558333, 99.9058333, 99.8675000, 99.9991667, 100.2358333, 102.3466667, 104.6641667, 106.1398377, 108.1320854, 110.3304047 
Serbia,(2015 = 100) ,NA, NA, NA, NA, NA, NA, NA, NA, NA, NA, NA, NA, NA, NA, NA, NA, NA, NA, NA, NA, NA, NA, NA, NA, NA, NA, NA, NA, NA, NA, NA, NA, NA, NA, NA, NA, NA, NA, NA, NA, NA, NA, NA, NA, NA, NA, 55.0750000, 58.2583333, 65.2083333, 70.5250000, 74.9000000, 83.2583333, 89.4166667, 96.3166667, 98.5166667, 99.9916667, 101.3250000, 104.6666667, 106.7666667, 109.0199185, 111.2729380, 113.6600617 
Turkey,(2015 = 100) ,NA, NA, NA, NA, NA, NA, NA, NA, NA, NA, NA, NA, NA, NA, NA, NA, NA, NA, NA, NA, NA, NA, NA, NA, NA, NA, NA, NA, NA, NA, NA, NA, NA, NA, NA, NA, 1.5733333, 2.9191667, 5.3158333, 8.5775000, 13.1400000, 20.6041667, 30.2800000, 37.9433333, 41.7575000, 45.1508333, 49.3391667, 53.6591667, 59.2658333, 62.9725000, 68.3675000, 72.7900000, 79.3066667, 85.2175000, 92.8116667, 100.0000000, 107.6558333, 119.6250000, 139.1691667, 160.4557249, 177.0170065, 193.4610297 
Iceland,(2015 = 100) ,NA, NA, NA, NA, NA, NA, NA, NA, NA, NA, NA, NA, NA, NA, NA, NA, NA, NA, NA, NA, NA, NA, NA, NA, NA, NA, NA, NA, NA, NA, NA, NA, NA, NA, NA, 42.3394610, 43.2583333, 44.0541667, 44.6358333, 45.5900000, 47.5975000, 50.7383333, 53.4408333, 54.1758333, 55.4316667, 56.1883333, 58.8000000, 60.9375000, 68.7125000, 79.8858333, 85.8533333, 89.4633333, 94.8408333, 98.7641667, 99.7425000, 100.0008333, 100.7925000, 99.1250000, 99.8591667, NA, NA, NA 
Norway,(2015 = 100) ,NA, NA, NA, NA, NA, NA, NA, NA, NA, NA, NA, NA, NA, NA, NA, NA, NA, NA, NA, NA, NA, NA, NA, NA, NA, NA, NA, NA, NA, NA, NA, NA, NA, NA, NA, 69.5444386, 70.0333333, 71.8000000, 73.2083333, 74.7833333, 77.0666667, 79.1000000, 79.7416667, 81.3416667, 81.8166667, 83.0583333, 85.0916667, 85.7333333, 88.6500000, 90.7000000, 92.8166667, 93.9916667, 94.3250000, 96.1833333, 98.0000000, 99.9916667, 103.8916667, 105.8416667, 109.0333333, 111.5411000, 113.7719220, 116.0473604 
Switzerland,(2015 = 100) ,NA, NA, NA, NA, NA, NA, NA, NA, NA, NA, NA, NA, NA, NA, NA, NA, NA, NA, NA, NA, NA, NA, NA, NA, NA, NA, NA, NA, NA, NA, NA, NA, NA, NA, NA, NA, NA, NA, NA, NA, NA, NA, NA, NA, NA, 97.4250000, 98.4000000, 99.1666667, 101.5200000, 100.7666667, 101.3916667, 101.4916667, 100.7583333, 100.8333333, 100.8416667, 100.0000000, 99.4691667, 100.1066667, 101.0250000, 101.8663778, 103.1965449, 104.5545060 
Japan,(2015 = 100) ,18.5924658, 19.5973234, 20.9246995, 22.5277914, 23.3924409, 24.9348294, 26.2014020, 27.2436617, 28.7065456, 30.2115318, 32.4872170, 34.5863910, 36.2857224, 40.4840704, 49.8803732, 55.6780919, 60.9760073, 65.9740407, 68.7729394, 71.2719561, 76.8697535, 80.5682982, 82.8673935, 84.3668035, 86.2660562, 88.0653482, 88.5898538, 88.7016337, 89.3035254, 91.3327601, 94.1444540, 97.2055030, 98.9165950, 100.1461737, 100.8426483, 100.7136715, 100.8512468, 102.6139295, 103.2932072, 102.9406707, 102.2441960, 101.4875322, 100.5503009, 100.2923474, 100.2837489, 100.0000000, 100.2493551, 100.3095443, 101.6938951, 100.3181427, 99.5958727, 99.3293207, 99.2777300, 99.6216681, 102.3731728, 103.1814273, 103.0610490, 103.5425623, 104.5571797, 105.1226167, 106.2814885, 107.0007174 
United States,(2015 = 100) ,NA, NA, NA, NA, NA, NA, NA, NA, NA, NA, NA, NA, NA, NA, NA, NA, NA, NA, NA, NA, NA, NA, NA, NA, NA, NA, NA, NA, NA, NA, NA, NA, NA, NA, NA, NA, NA, NA, NA, NA, NA, NA, 75.3191667, 77.0358333, 79.1883333, 82.2450000, 84.8825000, 87.1133333, 90.9708333, 90.2475000, 92.5566667, 96.1608333, 98.2316667, 99.4775000, 100.8108333, 100.0008333, 100.5458333, 102.2850000, 104.5208333, 106.3928430, 108.6064901, 110.7949653 